1 240 134 134 53 186
2 240 139 139 50 188
3 240 128 128 56 183
4 240 138 138 51 188
5 240 148 148 46 193
6 240 125 125 57 181
7 240 164 164 39 202
8 240 152 152 44 195
9 240 140 140 50 189
10 240 144 144 47 190
11 240 140 140 50 189
12 240 122 122 59 180
13 240 137 137 51 187
14 240 136 136 53 188
15 240 130 130 55 184
16 240 143 143 47 189
17 240 127 127 57 183
18 240 136 136 51 186
19 240 132 132 53 184
20 240 144 144 49 192
21 240 133 133 54 186
22 240 137 137 53 189
23 240 124 124 58 181
24 240 135 135 53 187
25 240 145 145 46 190
26 240 140 140 50 189
27 240 132 132 54 185
28 240 130 130 54 183
29 240 136 136 51 186
30 240 139 139 50 188
31 240 135 135 52 186
32 240 136 136 52 187
33 240 133 133 53 185
34 240 135 135 52 186
35 240 142 142 48 189
36 240 138 138 50 187
37 240 133 133 54 186
38 240 139 139 50 188
39 240 127 127 56 182
40 240 144 144 49 192
41 240 137 137 50 186
42 240 134 134 54 187
43 240 143 143 49 191
44 240 133 133 53 185
45 240 123 123 59 181
46 240 126 126 57 182
47 240 135 135 53 187
48 240 146 146 48 193
49 240 139 139 50 188
50 240 140 140 49 188
51 240 128 128 57 184
52 240 139 139 50 188
53 240 129 129 55 183
54 240 129 129 55 183
55 240 122 122 58 179
56 240 137 137 52 188
57 240 129 129 55 183
58 240 135 135 53 187
59 240 139 139 50 188
60 240 125 125 58 182
61 240 131 131 55 185
62 240 139 139 50 188
63 240 143 143 49 191
64 240 147 147 45 191
65 240 133 133 52 184
66 240 132 132 53 184
67 240 130 130 55 184
68 240 130 130 54 183
69 240 139 139 49 187
70 240 128 128 57 184
71 240 133 133 53 185
72 240 130 130 55 184
73 240 145 145 47 191
74 240 138 138 51 188
75 240 140 140 50 189
76 240 142 142 47 188
77 240 139 139 51 189
78 240 142 142 49 190
79 240 138 138 51 188
80 240 125 125 58 182
81 240 145 145 49 193
82 240 131 131 55 185
83 240 140 140 51 190
84 240 136 136 52 187
85 240 133 133 53 185
86 240 136 136 52 187
87 240 136 136 52 187
88 240 127 127 56 182
89 240 138 138 53 190
90 240 139 139 50 188
91 240 146 146 47 192
92 240 136 136 52 187
93 240 147 147 46 192
94 240 130 130 56 185
95 240 136 136 53 188
96 240 138 138 50 187
97 240 139 139 49 187
98 240 141 141 49 189
99 240 132 132 53 184
100 240 129 129 56 184
101 240 134 134 53 186
102 240 134 134 53 186
103 240 141 141 50 190
104 240 138 138 51 188
105 240 131 131 55 185
106 240 136 136 52 187
107 240 141 141 50 190
108 240 151 151 44 194
109 240 130 130 56 185
110 240 137 137 51 187
111 240 131 131 54 184
112 240 129 129 56 184
113 240 140 140 50 189
114 240 137 137 51 187
115 240 140 140 51 190
116 240 138 138 52 189
117 240 141 141 48 188
118 240 142 142 49 190
119 240 132 132 54 185
120 240 132 132 54 185
121 240 133 133 54 186
122 240 133 133 52 184
123 240 126 126 57 182
124 240 131 131 55 185
125 240 134 134 54 187
126 240 133 133 53 185
127 240 135 135 52 186
128 240 138 138 50 187
129 240 127 127 55 181
130 240 153 153 43 195
131 240 142 142 49 190
132 240 122 122 58 179
133 240 139 139 51 189
134 240 135 135 53 187
135 240 140 140 49 188
136 240 134 134 53 186
137 240 137 137 53 189
138 240 138 138 50 187
139 240 133 133 52 184
140 240 142 142 48 189
141 240 138 138 52 189
142 240 132 132 54 185
143 240 137 137 51 187
144 240 148 148 44 191
145 240 141 141 50 190
146 240 138 138 51 188
147 240 138 138 50 187
148 240 139 139 50 188
149 240 134 134 54 187
150 240 125 125 56 180
